access_pattern_flag = 0

['0', '1', '0', '1', '1', '1', '0', '0', '0', '0', '1', '1', '1', '0', '1', '0']
Printed the temperature trace
Base Layer Rank Access from Channel 0 to 15
0,10000,0,10000,10000,10000,0,0,0,0,10000,10000,10000,0,10000,0,
Base Layer Rank Temperatures from Channel 0 to 15
62.91, 72.76, 63.04, 72.53, 72.76, 72.96, 63.24, 63.04, 63.04, 63.24, 72.96, 72.76, 72.53, 63.04, 72.76, 62.91,


['1', '0', '1', '0', '0', '0', '1', '1', '1', '1', '0', '0', '0', '1', '0', '1’]
Printed the temperature trace
Base Layer Rank Access from Channel 0 to 15
10000,0,10000,0,0,0,10000,10000,10000,10000,0,0,0,10000,0,10000,
Base Layer Rank Temperatures from Channel 0 to 15
72.53, 63.04, 72.76, 62.91, 63.04, 63.24, 72.96, 72.76, 72.76, 72.96, 63.24, 63.04, 62.91, 72.76, 63.04, 72.53,

For the above two symmetric values of leakage_flag, TSS,MAX = 72.96.


['0', '1', '1', '0', '1', '0', '0', '1', '1', '0', '0', '1', '0', '1', '1', '0']
Printed the temperature trace
Base Layer Rank Access from Channel 0 to 15
0,10000,10000,0,10000,0,0,10000,10000,0,0,10000,0,10000,10000,0,
Base Layer Rank Temperatures from Channel 0 to 15
62.42, 73.37, 73.37, 62.42, 73.37, 62.75, 62.75, 73.37, 73.37, 62.75, 62.75, 73.37, 62.42, 73.37, 73.37, 62.42,

TSS,MAX = 73.37





(leakge_flag[], access_pattern_flag) 
(['0', '1', '0', '1', '1', '1', '0', '0', '0', '0', '1', '1', '1', '0', '1', '0'], 0)
Base Layer Rank Access from Channel 0 to 15
0,10000,0,10000,10000,10000,0,0,0,0,10000,10000,10000,0,10000,0,
Base Layer Rank Temperatures from Channel 0 to 15
62.91, 72.76, 63.04, 72.53, 72.76, 72.96, 63.24, 63.04, 63.04, 63.24, 72.96, 72.76, 72.53, 63.04, 72.76, 62.91,

(['0', '1', '1', '0', '1', '0', '0', '1', '1', '0', '0', '1', '0', '1', '1', '0'], 0)
Base Layer Rank Access from Channel 0 to 15
0,10000,10000,0,10000,0,0,10000,10000,0,0,10000,0,10000,10000,0,
Base Layer Rank Temperatures from Channel 0 to 15
62.42, 73.37, 73.37, 62.42, 73.37, 62.75, 62.75, 73.37, 73.37, 62.75, 62.75, 73.37, 62.42, 73.37, 73.37, 62.42,

(['1', '0', '1', '0', '1', '0', '1', '0', '1', '0', '1', '0', '1', '0', '1', '0'], 0)
Base Layer Rank Access from Channel 0 to 15
10000,0,10000,0,10000,0,10000,0,10000,0,10000,0,10000,0,10000,0,
Base Layer Rank Temperatures from Channel 0 to 15
78.15, 64.66, 71.35, 58.25, 78.38, 64.87, 71.54, 58.38, 78.38, 64.87, 71.54, 58.38, 78.15, 64.66, 71.35, 58.25,

(['1', '0', '1', '0', '0', '1', '0', '1', '1', '0', '1', '0', '0', '1', '0', '1'], 0)
Base Layer Rank Access from Channel 0 to 15
10000,0,10000,0,0,10000,0,10000,10000,0,10000,0,0,10000,0,10000,
Base Layer Rank Temperatures from Channel 0 to 15
73.77, 64.58, 70.85, 61.58, 64.58, 70.57, 65.16, 70.85, 70.85, 65.16, 70.57, 64.58, 61.58, 70.85, 64.58, 73.77,

(['0', '1', '0', '1', '1', '1', '0', '0', '0', '0', '1', '1', '1', '0', '1', '0'], 1)
Base Layer Rank Access from Channel 0 to 15
0,10000,0,12000,10000,10000,0,0,0,0,10000,10000,12000,0,10000,0,
Base Layer Rank Temperatures from Channel 0 to 15
63.14, 73.08, 63.81, 74.98, 73.08, 73.28, 63.68, 63.81, 63.81, 63.68, 73.28, 73.08, 74.98, 63.81, 73.08, 63.14,

(['0', '1', '1', '0', '1', '0', '0', '1', '1', '0', '0', '1', '0', '1', '1', '0'], 1)
Base Layer Rank Access from Channel 0 to 15
0,10000,10000,0,10000,0,0,10000,10000,0,0,10000,0,10000,10000,0,
Base Layer Rank Temperatures from Channel 0 to 15
62.42, 73.37, 73.37, 62.42, 73.37, 62.75, 62.75, 73.37, 73.37, 62.75, 62.75, 73.37, 62.42, 73.37, 73.37, 62.42,

(['1', '0', '1', '0', '1', '0', '1', '0', '1', '0', '1', '0', '1', '0', '1', '0'], 1)
Base Layer Rank Access from Channel 0 to 15
12000,0,10000,0,10000,0,10000,0,10000,0,10000,0,12000,0,10000,0,
Base Layer Rank Temperatures from Channel 0 to 15
80.73, 65.48, 71.68, 58.45, 79.41, 65.39, 71.84, 58.58, 79.41, 65.39, 71.84, 58.58, 80.73, 65.48, 71.68, 58.45,

(['1', '0', '1', '0', '0', '1', '0', '1', '1', '0', '1', '0', '0', '1', '0', '1'], 1)
Base Layer Rank Access from Channel 0 to 15
12000,0,10000,0,0,10000,0,10000,10000,0,10000,0,0,10000,0,12000,
Base Layer Rank Temperatures from Channel 0 to 15
76.23, 65.36, 71.18, 61.81, 65.36, 71.04, 65.48, 71.18, 71.18, 65.48, 71.04, 65.36, 61.81, 71.18, 65.36, 76.23,

(['0', '1', '0', '1', '1', '1', '0', '0', '0', '0', '1', '1', '1', '0', '1', '0'], 2)
Base Layer Rank Access from Channel 0 to 15
0,12000,0,10000,10000,12000,0,0,0,0,10000,10000,10000,0,10000,0,
Base Layer Rank Temperatures from Channel 0 to 15
63.93, 75.16, 63.92, 72.9, 73.66, 75.01, 63.98, 63.35, 63.49, 63.86, 73.38, 73.03, 72.8, 63.3, 73.01, 63.11,

(['0', '1', '1', '0', '1', '0', '0', '1', '1', '0', '0', '1', '0', '1', '1', '0'], 2)
Base Layer Rank Access from Channel 0 to 15
0,12000,10000,0,10000,0,0,10000,10000,0,0,10000,0,12000,10000,0,
Base Layer Rank Temperatures from Channel 0 to 15
63.2, 75.35, 74.13, 62.72, 73.89, 63.42, 63.18, 73.66, 73.89, 63.42, 63.18, 73.66, 63.2, 75.35, 74.13, 62.72,

(['1', '0', '1', '0', '1', '0', '1', '0', '1', '0', '1', '0', '1', '0', '1', '0'], 2)
Base Layer Rank Access from Channel 0 to 15
10000,0,10000,0,10000,0,10000,0,10000,0,10000,0,10000,0,10000,0,
Base Layer Rank Temperatures from Channel 0 to 15
78.15, 64.66, 71.35, 58.25, 78.38, 64.87, 71.54, 58.38, 78.38, 64.87, 71.54, 58.38, 78.15, 64.66, 71.35, 58.25,

(['1', '0', '1', '0', '0', '1', '0', '1', '1', '0', '1', '0', '0', '1', '0', '1'], 2)
Base Layer Rank Access from Channel 0 to 15
10000,0,10000,0,0,12000,0,10000,10000,0,10000,0,0,12000,0,10000,
Base Layer Rank Temperatures from Channel 0 to 15
74.23, 65.18, 71.26, 61.82, 65.23, 72.23, 65.75, 71.14, 71.5, 66.11, 71.14, 64.87, 62.39, 72.87, 65.31, 74.1,

(['0', '1', '0', '1', '1', '1', '0', '0', '0', '0', '1', '1', '1', '0', '1', '0'], 3)
Base Layer Rank Access from Channel 0 to 15
0,10000,0,10000,10000,9000,0,0,0,0,9000,10000,10000,0,10000,0,
Base Layer Rank Temperatures from Channel 0 to 15
62.68, 72.41, 62.8, 72.36, 72.41, 72.05, 62.78, 62.8, 62.8, 62.78, 72.05, 72.41, 72.36, 62.8, 72.41, 62.68,

(['0', '1', '1', '0', '1', '0', '0', '1', '1', '0', '0', '1', '0', '1', '1', '0'], 3)
Base Layer Rank Access from Channel 0 to 15
0,10000,10000,0,10000,0,0,10000,10000,0,0,10000,0,10000,10000,0,
Base Layer Rank Temperatures from Channel 0 to 15
62.42, 73.37, 73.37, 62.42, 73.37, 62.75, 62.75, 73.37, 73.37, 62.75, 62.75, 73.37, 62.42, 73.37, 73.37, 62.42,

(['1', '0', '1', '0', '1', '0', '1', '0', '1', '0', '1', '0', '1', '0', '1', '0'], 3)
Base Layer Rank Access from Channel 0 to 15
10000,0,10000,0,10000,0,9000,0,10000,0,9000,0,10000,0,10000,0,
Base Layer Rank Temperatures from Channel 0 to 15
78, 64.44, 70.99, 58, 78.21, 64.51, 70.54, 57.99, 78.21, 64.51, 70.54, 57.99, 78, 64.44, 70.99, 58,

(['1', '0', '1', '0', '0', '1', '0', '1', '1', '0', '1', '0', '0', '1', '0', '1'], 3)
Base Layer Rank Access from Channel 0 to 15
10000,0,10000,0,0,9000,0,10000,10000,0,9000,0,0,10000,0,10000,
Base Layer Rank Temperatures from Channel 0 to 15
73.52, 64.25, 70.61, 61.42, 64.25, 69.68, 64.71, 70.61, 70.61, 64.71, 69.68, 64.25, 61.42, 70.61, 64.25, 73.52,

(['0', '1', '0', '1', '1', '1', '0', '0', '0', '0', '1', '1', '1', '0', '1', '0'], 4)
Base Layer Rank Access from Channel 0 to 15
0,10000,0,12000,10000,10000,0,0,0,0,10000,12000,10000,0,10000,0,
Base Layer Rank Temperatures from Channel 0 to 15
63.12, 73.09, 63.87, 75.11, 72.98, 73.27, 63.86, 64.31, 63.23, 63.52, 73.66, 74.83, 72.73, 63.29, 73.23, 63.7,

(['0', '1', '1', '0', '1', '0', '0', '1', '1', '0', '0', '1', '0', '1', '1', '0'], 4)
Base Layer Rank Access from Channel 0 to 15
0,10000,10000,0,10000,0,0,12000,10000,0,0,12000,0,10000,10000,0,
Base Layer Rank Temperatures from Channel 0 to 15
62.62, 73.66, 73.89, 63.3, 73.59, 63.05, 63.55, 75.89, 73.59, 63.05, 63.55, 75.89, 62.62, 73.66, 73.89, 63.3,

(['1', '0', '1', '0', '1', '0', '1', '0', '1', '0', '1', '0', '1', '0', '1', '0'], 4)
Base Layer Rank Access from Channel 0 to 15
10000,0,10000,0,10000,0,10000,0,10000,0,10000,0,10000,0,10000,0,
Base Layer Rank Temperatures from Channel 0 to 15
78.15, 64.66, 71.35, 58.25, 78.38, 64.87, 71.54, 58.38, 78.38, 64.87, 71.54, 58.38, 78.15, 64.66, 71.35, 58.25,

(['1', '0', '1', '0', '0', '1', '0', '1', '1', '0', '1', '0', '0', '1', '0', '1'], 4)
Base Layer Rank Access from Channel 0 to 15
10000,0,10000,0,0,10000,0,12000,10000,0,10000,0,0,10000,0,12000,
Base Layer Rank Temperatures from Channel 0 to 15
73.97, 64.82, 71.31, 62.36, 64.77, 70.86, 65.82, 72.91, 71.07, 65.46, 71.22, 65.86, 61.78, 71.18, 65.42, 76.36,